0 0.3109375 0.0265625 0.2453125 0.0265625 0.2453125 0.1046875 0.3109375 0.1046875 0.3109375 0.0265625
0 0.471875 0.5890625 0.39375 0.5890625 0.39375 0.7125 0.471875 0.7125 0.471875 0.5890625
0 0.6296875 0.5609375 0.559375 0.5609375 0.559375 0.68125 0.6296875 0.68125 0.6296875 0.5609375
0 0.5609375 0.2015625 0.4921875 0.2015625 0.4921875 0.290625 0.5609375 0.290625 0.5609375 0.2015625
0 0.521875 0.075 0.4625 0.075 0.4625 0.1390625 0.521875 0.1390625 0.521875 0.075
0 0.634375 0.059375 0.58125 0.059375 0.58125 0.115625 0.634375 0.115625 0.634375 0.059375
0 0.30625 0.025 0.240625 0.025 0.240625 0.1078125 0.30625 0.1078125 0.30625 0.025
0 0.3359375 0.665625 0.2421875 0.665625 0.2421875 0.7875 0.3359375 0.7875 0.3359375 0.665625
0 0.79375 0.109375 0.7453125 0.109375 0.7453125 0.2046875 0.79375 0.2046875 0.79375 0.109375
0 0.7265625 0.0984375 0.6828125 0.0984375 0.6828125 0.1765625 0.7265625 0.1765625 0.7265625 0.0984375
0 0.890625 0.175 0.828125 0.175 0.828125 0.26875 0.890625 0.26875 0.890625 0.175
0 0.1375 0.3734375 0.0984375 0.3734375 0.0984375 0.475 0.1375 0.475 0.1375 0.3734375
0 0.178125 0.3703125 0.13125 0.3703125 0.13125 0.4578125 0.178125 0.4578125 0.178125 0.3703125