1 0.0859375 0.615625 0.028125 0.615625 0.028125 0.715625 0.0859375 0.715625 0.0859375 0.615625
1 0.159375 0.5765625 0.1390625 0.5765625 0.1390625 0.65625 0.159375 0.65625 0.159375 0.5765625
1 0.271875 0.5296875 0.246875 0.5296875 0.246875 0.6125 0.271875 0.6125 0.271875 0.5296875
1 0.1765625 0.565625 0.1578125 0.565625 0.1578125 0.6375 0.1765625 0.6375 0.1765625 0.565625
1 0.3796875 0.496875 0.3296875 0.496875 0.3296875 0.5484375 0.3796875 0.5484375 0.3796875 0.496875
1 0.5375 0.409375 0.50625 0.409375 0.50625 0.4546875 0.5375 0.4546875 0.5375 0.409375
1 0.515625 0.4390625 0.4828125 0.4390625 0.4828125 0.48125 0.515625 0.48125 0.515625 0.4390625
1 0.671875 0.5078125 0.6421875 0.5078125 0.6421875 0.5671875 0.671875 0.5671875 0.671875 0.5078125
1 0.5828125 0.525 0.5546875 0.525 0.5546875 0.5703125 0.5828125 0.5703125 0.5828125 0.525
1 0.69375 0.49375 0.671875 0.49375 0.671875 0.5421875 0.69375 0.5421875 0.69375 0.49375
1 0.79375 0.49375 0.7734375 0.49375 0.7734375 0.54375 0.79375 0.54375 0.79375 0.49375
1 0.85 0.50625 0.815625 0.50625 0.815625 0.5609375 0.85 0.5609375 0.85 0.50625
1 0.95625 0.5015625 0.928125 0.5015625 0.928125 0.55625 0.95625 0.55625 0.95625 0.5015625