1 0.278125 0.6546875 0.228125 0.6546875 0.228125 0.728125 0.278125 0.728125 0.278125 0.6546875
1 0.321875 0.034375 0.2734375 0.034375 0.2734375 0.1140625 0.321875 0.1140625 0.321875 0.034375
1 0.3671875 0.0875 0.325 0.0875 0.325 0.1765625 0.3671875 0.1765625 0.3671875 0.0875
1 0.434375 0.0890625 0.3921875 0.0890625 0.3921875 0.1671875 0.434375 0.1671875 0.434375 0.0890625
1 0.5171875 0.0890625 0.475 0.0890625 0.475 0.1546875 0.5171875 0.1546875 0.5171875 0.0890625
1 0.6703125 0.0296875 0.628125 0.0296875 0.628125 0.121875 0.6703125 0.121875 0.6703125 0.0296875
1 0.8953125 0.6640625 0.828125 0.6640625 0.828125 0.765625 0.8953125 0.765625 0.8953125 0.6640625
1 0.415625 0.7515625 0.375 0.7515625 0.375 0.8125 0.415625 0.8125 0.415625 0.7515625
1 0.603125 0.565625 0.571875 0.565625 0.571875 0.6328125 0.603125 0.6328125 0.603125 0.565625
1 0.740625 0.0359375 0.7046875 0.0359375 0.7046875 0.1171875 0.740625 0.1171875 0.740625 0.0359375
1 0.7046875 0.065625 0.68125 0.065625 0.68125 0.1578125 0.7046875 0.1578125 0.7046875 0.065625
1 0.73125 0.246875 0.6953125 0.246875 0.6953125 0.340625 0.73125 0.340625 0.73125 0.246875